9
19
34
30
46
46
54
60
63
66
78
84
90
96
96
102
109
115
121
127
133
141
148
155
161
176
207
211
215
223
228
249
242
258
169
198
207
214
215
235
251
258
267
274
281
288
297
304
306
321
328
335
342
354
365
372
377
395
402
409
416
424
440
448
456
463
469
475
481
487
502
509
517
524
530
536
542
549
564
576
585
601
618
626
633
639
646
654
661
662
669
676
683
693
706
713
714
721
729
736
743
757
764
771
780
787
788
803
814
820
833
842
849
856
863
871
886
893
906
918
937
943
968
975
989
996
1003
1013
1021
1049
1062
1068
1070
1077
1090
1097
1113
1126
1126
1134
1141
1148
1155
1164
1171
1179
1191
1200
1207
1214
1222
1229
1239
1252
1259
1268
1281
1288
1295
1302
1310
1317
1324
1332
1339
1349
1362
1369
1384
1397
1406
1413
1420
1442
1451
1467
1480
1490
1504
1506
1517
1519
1526
1555
1577
1595
1628
1603
1640
1646
1677
1647
1684
1699
1706
1716
1729
1736
1763
1780
1786
1788
1795
1832
1840
1849
1862
1869
1882
1476
1490
1494
1496
1499
1505
1510
1514
1516
1519
1525
2019
2028
2037
15811587
15931599
2069
2075
2089
1623
1630
1637
2129
10
2102
68
216
328
156
402
205
42
236
609
622
776
24
70
65
92
2108
2114
2120
2126
136
2138
16731685
